219
1596
1597
1598
1599
1600
1601
1605
1606
1607
1608
1609
1610
1611
1612
1613
1614
1615
1616
1617
1618
1619
1626
1627
1628
1632
1633
1634
1638
1639
1640
1641
1642
1643
1647
1648
1649
1650
1651
1652
1653
1654
1655
1659
1660
1661
1665
1666
1667
1668
1669
1670
1671
1672
1673
1683
1684
1685
1686
1687
1688
1743
1744
1745
1746
1747
1748
1749
1750
1751
1776
1777
1778
1779
1780
1781
1821
1822
1823
1830
1831
1832
1857
1858
1859
1908
1909
1910
1998
1999
2000
2004
2005
2006
2094
2095
2096
2097
2098
2099
2100
2101
2102
2109
2110
2111
2115
2116
2117
2121
2122
2123
2124
2125
2126
2127
2128
2129
2130
2131
2132
2133
2134
2135
2334
2335
2336
2337
2338
2339
2502
2503
2504
4662
4663
4664
4668
4669
4670
4710
4711
4712
4713
4714
4715
4764
4765
4766
4782
4783
4784
4917
4918
4919
4971
4972
4973
4977
4978
4979
4992
4993
4994
5067
5068
5069
5112
5113
5114
5199
5200
5201
5208
5209
5210
5259
5260
5261
5394
5395
5396
5412
5413
5414
5433
5434
5435
5517
5518
5519
5526
5527
5528
5532
5533
5534
5562
5563
5564
5565
5566
5567
5586
5587
5588
5592
5593
5594
5601
5602
5603
5604
5605
5606
5607
5608
5609
5610
5611
5612
