357
6
7
8
9
10
11
18
19
20
21
22
23
87
88
89
90
91
92
93
94
95
96
97
98
99
100
101
102
103
104
105
106
107
108
109
110
111
112
113
114
115
116
117
118
119
120
121
122
123
124
125
126
127
128
129
130
131
132
133
134
135
136
137
138
139
140
141
142
143
144
145
146
147
148
149
150
151
152
153
154
155
156
157
158
159
160
161
162
163
164
165
166
167
168
169
170
423
424
425
426
427
428
429
430
431
432
433
434
435
436
437
438
439
440
441
442
443
444
445
446
447
448
449
450
451
452
453
454
455
456
457
458
459
460
461
462
463
464
465
466
467
468
469
470
471
472
473
474
475
476
477
478
479
480
481
482
483
484
485
486
487
488
489
490
491
492
493
494
495
496
497
498
499
500
501
502
503
504
505
506
507
508
509
510
511
512
513
514
515
516
517
518
519
520
521
522
523
524
525
526
527
528
529
530
531
532
533
534
535
536
537
538
539
540
541
542
543
544
545
546
547
548
549
550
551
552
553
554
555
556
557
558
559
560
561
562
563
564
565
566
567
568
569
1161
1162
1163
1173
1174
1175
1188
1189
1190
1203
1204
1205
1206
1207
1208
1221
1222
1223
1251
1252
1253
1266
1267
1268
1311
1312
1313
1416
1417
1418
1434
1435
1436
1482
1483
1484
1506
1507
1508
1509
1510
1511
1539
1540
1541
1602
1603
1604
1647
1648
1649
1677
1678
1679
1707
1708
1709
1788
1789
1790
1800
1801
1802
1896
1897
1898
1947
1948
1949
1965
1966
1967
1977
1978
1979
1995
1996
1997
2064
2065
2066
2142
2143
2144
2319
2320
2321
2355
2356
2357
2490
2491
2492
2652
2653
2654
2718
2719
2720
2976
2977
2978
3216
3217
3218
3543
3544
3545
3801
3802
3803
3930
3931
3932
