2196
0
1
2
3
4
5
6
7
8
9
10
11
12
13
14
15
16
17
18
19
20
21
22
23
24
25
26
27
28
29
30
31
32
33
34
35
36
37
38
39
40
41
42
43
44
45
46
47
48
49
50
51
52
53
54
55
56
63
64
65
66
67
68
69
70
71
78
79
80
81
82
83
114
115
116
120
121
122
159
160
161
162
163
164
165
166
167
168
169
170
210
211
212
213
214
215
225
226
227
270
271
272
285
286
287
321
322
323
342
343
344
345
346
347
354
355
356
393
394
395
396
397
398
549
550
551
552
553
554
588
589
590
594
595
596
627
628
629
681
682
683
747
748
749
795
796
797
798
799
800
828
829
830
852
853
854
909
910
911
912
913
914
915
916
917
918
919
920
936
937
938
939
940
941
1002
1003
1004
1008
1009
1010
1017
1018
1019
1023
1024
1025
1047
1048
1049
1053
1054
1055
1056
1057
1058
1074
1075
1076
1125
1126
1127
1149
1150
1151
1152
1153
1154
1158
1159
1160
1185
1186
1187
1194
1195
1196
1227
1228
1229
1263
1264
1265
1293
1294
1295
1305
1306
1307
1317
1318
1319
1320
1321
1322
1329
1330
1331
1341
1342
1343
1344
1345
1346
1416
1417
1418
1446
1447
1448
1488
1489
1490
1512
1513
1514
1530
1531
1532
1539
1540
1541
1569
1570
1571
1590
1591
1592
1623
1624
1625
1647
1648
1649
1665
1666
1667
1671
1672
1673
1731
1732
1733
1785
1786
1787
1860
1861
1862
1908
1909
1910
1935
1936
1937
1977
1978
1979
2013
2014
2015
2025
2026
2027
2079
2080
2081
2118
2119
2120
2151
2152
2153
2202
2203
2204
2220
2221
2222
2259
2260
2261
2307
2308
2309
2424
2425
2426
2451
2452
2453
2646
2647
2648
2748
2749
2750
2766
2767
2768
3087
3088
3089
3480
3481
3482
3774
3775
3776
3786
3787
3788
3816
3817
3818
3861
3862
3863
3939
3940
3941
4020
4021
4022
4116
4117
4118
4221
4222
4223
4299
4300
4301
4350
4351
4352
4404
4405
4406
4434
4435
4436
4533
4534
4535
4638
4639
4640
4872
4873
4874
5019
5020
5021
5037
5038
5039
5100
5101
5102
5226
5227
5228
5310
5311
5312
5349
5350
5351
5361
5362
5363
5526
5527
5528
5535
5536
5537
5634
5635
5636
5646
5647
5648
5661
5662
5663
5670
5671
5672
5673
5674
5675
5697
5698
5699
5703
5704
5705
5784
5785
5786
5793
5794
5795
5844
5845
5846
5868
5869
5870
5928
5929
5930
5982
5983
5984
6069
6070
6071
6099
6100
6101
6120
6121
6122
6153
6154
6155
6279
6280
6281
6369
6370
6371
6378
6379
6380
6396
6397
6398
6399
6400
6401
6585
6586
6587
6588
6589
6590
6684
6685
6686
6768
6769
6770
6798
6799
6800
6813
6814
6815
7029
7030
7031
7293
7294
7295
7431
7432
7433
7509
7510
7511
7548
7549
7550
7650
7651
7652
7668
7669
7670
7872
7873
7874
8067
8068
8069
8109
8110
8111
8217
8218
8219
8265
8266
8267
8421
8422
8423
8559
8560
8561
8613
8614
8615
8676
8677
8678
8736
8737
8738
8769
8770
8771
8787
8788
8789
8811
8812
8813
8943
8944
8945
9120
9121
9122
9165
9166
9167
9207
9208
9209
9309
9310
9311
9312
9313
9314
9360
9361
9362
9612
9613
9614
9726
9727
9728
9867
9868
9869
10269
10270
10271
10299
10300
10301
10314
10315
10316
10341
10342
10343
10500
10501
10502
10527
10528
10529
10536
10537
10538
10551
10552
10553
10581
10582
10583
10584
10585
10586
10602
10603
10604
10620
10621
10622
10689
10690
10691
10758
10759
10760
10797
10798
10799
10824
10825
10826
10839
10840
10841
10878
10879
10880
10893
10894
10895
10914
10915
10916
10944
10945
10946
11070
11071
11072
11106
11107
11108
11127
11128
11129
11136
11137
11138
11148
11149
11150
11253
11254
11255
11259
11260
11261
11283
11284
11285
11346
11347
11348
11400
11401
11402
11427
11428
11429
11442
11443
11444
11457
11458
11459
11496
11497
11498
11508
11509
11510
11520
11521
11522
11565
11566
11567
11685
11686
11687
11694
11695
11696
11706
11707
11708
11751
11752
11753
11775
11776
11777
11805
11806
11807
11820
11821
11822
11862
11863
11864
11880
11881
11882
11904
11905
11906
11961
11962
11963
12003
12004
12005
12024
12025
12026
12060
12061
12062
12090
12091
12092
12126
12127
12128
12135
12136
12137
12177
12178
12179
12225
12226
12227
12291
12292
12293
12318
12319
12320
12330
12331
12332
12333
12334
12335
12375
12376
12377
12402
12403
12404
12432
12433
12434
12498
12499
12500
12504
12505
12506
12636
12637
12638
12666
12667
12668
12681
12682
12683
12696
12697
12698
12714
12715
12716
12756
12757
12758
12810
12811
12812
12816
12817
12818
12819
12820
12821
12882
12883
12884
12948
12949
12950
12960
12961
12962
12972
12973
12974
13014
13015
13016
13017
13018
13019
13029
13030
13031
13068
13069
13070
13116
13117
13118
13191
13192
13193
13227
13228
13229
13245
13246
13247
13275
13276
13277
13359
13360
13361
13431
13432
13433
13527
13528
13529
13545
13546
13547
13617
13618
13619
13665
13666
13667
13692
13693
13694
13695
13696
13697
13803
13804
13805
13821
13822
13823
13827
13828
13829
13881
13882
13883
13917
13918
13919
13947
13948
13949
13953
13954
13955
13977
13978
13979
14013
14014
14015
14028
14029
14030
14082
14083
14084
14106
14107
14108
14142
14143
14144
14196
14197
14198
14208
14209
14210
14223
14224
14225
14229
14230
14231
14256
14257
14258
14259
14260
14261
14280
14281
14282
14355
14356
14357
14475
14476
14477
14478
14479
14480
14514
14515
14516
14607
14608
14609
14709
14710
14711
14838
14839
14840
14862
14863
14864
14913
14914
14915
14961
14962
14963
15075
15076
15077
15111
15112
15113
15132
15133
15134
15144
15145
15146
15174
15175
15176
15219
15220
15221
15267
15268
15269
15321
15322
15323
15342
15343
15344
15366
15367
15368
15393
15394
15395
15462
15463
15464
15603
15604
15605
15636
15637
15638
15651
15652
15653
15720
15721
15722
15744
15745
15746
15765
15766
15767
15786
15787
15788
15858
15859
15860
15888
15889
15890
15918
15919
15920
15960
15961
15962
16002
16003
16004
16056
16057
16058
16119
16120
16121
16155
16156
16157
16233
16234
16235
16257
16258
16259
16263
16264
16265
16314
16315
16316
16371
16372
16373
16389
16390
16391
16416
16417
16418
16434
16435
16436
16449
16450
16451
16452
16453
16454
16464
16465
16466
16509
16510
16511
16518
16519
16520
16590
16591
16592
16632
16633
16634
16647
16648
16649
16656
16657
16658
16719
16720
16721
16725
16726
16727
16893
16894
16895
16902
16903
16904
16944
16945
16946
16968
16969
16970
16992
16993
16994
17007
17008
17009
17058
17059
17060
17112
17113
17114
17130
17131
17132
17250
17251
17252
17283
17284
17285
17301
17302
17303
17340
17341
17342
17352
17353
17354
17385
17386
17387
17403
17404
17405
17421
17422
17423
17481
17482
17483
17514
17515
17516
17682
17683
17684
17727
17728
17729
17742
17743
17744
17901
17902
17903
17964
17965
17966
18111
18112
18113
18138
18139
18140
18183
18184
18185
18282
18283
18284
18363
18364
18365
18495
18496
18497
18543
18544
18545
18699
18700
18701
18756
18757
18758
18873
18874
18875
18906
18907
18908
18987
18988
18989
19068
19069
19070
19101
19102
19103
19188
19189
19190
19245
19246
19247
19302
19303
19304
19320
19321
19322
19368
19369
19370
19404
19405
19406
19410
19411
19412
19482
19483
19484
19485
19486
19487
19518
19519
19520
19572
19573
19574
19575
19576
19577
19608
19609
19610
19731
19732
19733
19797
19798
19799
19848
19849
19850
19851
19852
19853
19869
19870
19871
19875
19876
19877
19884
19885
19886
19896
19897
19898
19905
19906
19907
19920
19921
19922
19932
19933
19934
19968
19969
19970
19986
19987
19988
20013
20014
20015
20028
20029
20030
20043
20044
20045
20067
20068
20069
20088
20089
20090
20091
20092
20093
20097
20098
20099
20106
20107
20108
20127
20128
20129
20145
20146
20147
20148
20149
20150
20190
20191
20192
20193
20194
20195
20217
20218
20219
20220
20221
20222
20235
20236
20237
20244
20245
20246
20253
20254
20255
20283
20284
20285
20301
20302
20303
20322
20323
20324
20334
20335
20336
20355
20356
20357
20361
20362
20363
20370
20371
20372
20382
20383
20384
20385
20386
20387
20388
20389
20390
20391
20392
20393
20421
20422
20423
20427
20428
20429
20430
20431
20432
20439
20440
20441
20463
20464
20465
20466
20467
20468
20478
20479
20480
20484
20485
20486
20490
20491
20492
20493
20494
20495
20496
20497
20498
20505
20506
20507
20517
20518
20519
20520
20521
20522
20526
20527
20528
20544
20545
20546
20556
20557
20558
20559
20560
20561
20562
20563
20564
20568
20569
20570
20574
20575
20576
20586
20587
20588
20604
20605
20606
20610
20611
20612
20613
20614
20615
20616
20617
20618
20622
20623
20624
20628
20629
20630
20631
20632
20633
20634
20635
20636
20655
20656
20657
20661
20662
20663
20673
20674
20675
20679
20680
20681
20688
20689
20690
20697
20698
20699
20706
20707
20708
20718
20719
20720
20727
20728
20729
20733
20734
20735
20739
20740
20741
20748
20749
20750
20751
20752
20753
20754
20755
20756
20769
20770
20771
20772
20773
20774
20790
20791
20792
20796
20797
20798
20805
20806
20807
20808
20809
20810
20817
20818
20819
20823
20824
20825
20832
20833
20834
20841
20842
20843
20868
20869
20870
20874
20875
20876
20877
20878
20879
20880
20881
20882
20883
20884
20885
20886
20887
20888
20892
20893
20894
20895
20896
20897
20898
20899
20900
20907
20908
20909
20931
20932
20933
20940
20941
20942
20943
20944
20945
20949
20950
20951
20952
20953
20954
20958
20959
20960
20982
20983
20984
21315
21316
21317
21357
21358
21359
21378
21379
21380
21390
21391
21392
21450
21451
21452
21462
21463
21464
21495
21496
21497
21603
21604
21605
21654
21655
21656
21666
21667
21668
21669
21670
21671
21756
21757
21758
21963
21964
21965
22005
22006
22007
22014
22015
22016
22095
22096
22097
22140
22141
22142
22197
22198
22199
22254
22255
22256
22266
22267
22268
22302
22303
22304
22326
22327
22328
22422
22423
22424
22557
22558
22559
22578
22579
22580
22623
22624
22625
22662
22663
22664
22761
22762
22763
22848
22849
22850
22854
22855
22856
22863
22864
22865
22893
22894
22895
22926
22927
22928
22986
22987
22988
23232
23233
23234
23235
23236
23237
23316
23317
23318
23325
23326
23327
23376
23377
23378
23403
23404
23405
23427
23428
23429
23439
23440
23441
23574
23575
23576
23718
23719
23720
23730
23731
23732
23802
23803
23804
23868
23869
23870
23961
23962
23963
24012
24013
24014
24111
24112
24113
24126
24127
24128
24216
24217
24218
24222
24223
24224
24243
24244
24245
24270
24271
24272
24315
24316
24317
24318
24319
24320
24321
24322
24323
24411
24412
24413
24471
24472
24473
24555
24556
24557
24594
24595
24596
24717
24718
24719
24729
24730
24731
24789
24790
24791
24807
24808
24809
24822
24823
24824
24957
24958
24959
24966
24967
24968
25095
25096
25097
25299
25300
25301
25317
25318
25319
25455
25456
25457
25494
25495
25496
25644
25645
25646
25779
25780
25781
25824
25825
25826
25845
25846
25847
25971
25972
25973
26076
26077
26078
26154
26155
26156
26292
26293
26294
26367
26368
26369
26409
26410
26411
26415
26416
26417
26469
26470
26471
26610
26611
26612
26625
26626
26627
26652
26653
26654
26667
26668
26669
26676
26677
26678
26718
26719
26720
26730
26731
26732
26754
26755
26756
26829
26830
26831
26835
26836
26837
26874
26875
26876
26880
26881
26882
26901
26902
26903
26946
26947
26948
26976
26977
26978
27027
27028
27029
27039
27040
27041
27090
27091
27092
27288
27289
27290
27360
27361
27362
27453
27454
27455
27543
27544
27545
27552
27553
27554
27615
27616
27617
27747
27748
27749
27834
27835
27836
27921
27922
27923
27924
27925
27926
28062
28063
28064
28116
28117
28118
28128
28129
28130
28185
28186
28187
28266
28267
28268
28281
28282
28283
28335
28336
28337
28398
28399
28400
28497
28498
28499
28509
28510
28511
28536
28537
28538
28542
28543
28544
28605
28606
28607
28659
28660
28661
28758
28759
28760
28770
28771
28772
28938
28939
28940
29115
29116
29117
29184
29185
29186
29214
29215
29216
29280
29281
29282
29349
29350
29351
29391
29392
29393
29442
29443
29444
29499
29500
29501
29508
29509
29510
29541
29542
29543
29610
29611
29612
29640
29641
29642
29646
29647
29648
29712
29713
29714
29772
29773
29774
29826
29827
29828
29835
29836
29837
29862
29863
29864
29916
29917
29918
29934
29935
29936
30042
30043
30044
30081
30082
30083
30201
30202
30203
30234
30235
30236
30279
30280
30281
30363
30364
30365
30486
30487
30488
30612
30613
30614
30696
30697
30698
30732
30733
30734
30798
30799
30800
30816
30817
30818
30858
30859
30860
30867
30868
30869
30885
30886
30887
30954
30955
30956
30966
30967
30968
31050
31051
31052
31062
31063
31064
31146
31147
31148
31299
31300
31301
31356
31357
31358
31371
31372
31373
31473
31474
31475
31494
31495
31496
31509
31510
31511
31512
31513
31514
31569
31570
31571
31611
31612
31613
31701
31702
31703
31731
31732
31733
31749
31750
31751
31785
31786
31787
31839
31840
31841
31860
31861
31862
31881
31882
31883
31887
31888
31889
31932
31933
31934
31995
31996
31997
32046
32047
32048
32055
32056
32057
32130
32131
32132
32274
32275
32276
32346
32347
32348
32388
32389
32390
32544
32545
32546
32634
32635
32636
32949
32950
32951
